Run semi-empirical minimization
 &qmmm
    qm_theory='AM1', grms_tol=0.0002,
  tight_p_conv=1, scfconv=1.d-10,   qmcharge=0,
 /
   6    C1       14.4600       15.0100       17.9200 
   6    C2       14.8100       13.9800       17.8600 
   1    H1       15.3100       15.5600       17.5100 
   1    H2       14.3300       15.2800       18.9700 
   6    C3       13.1700       15.1600       17.1100 
   1    H3       12.5100       14.4400       17.5900 
   1    H4       12.8200       16.1700       17.3500 
   6    C4       13.2000       15.0800       15.5800 
   6    C5       13.9700       16.2800       15.0500 
   1    H5       15.0100       16.3500       15.3800 
   1    H6       13.8200       16.4400       13.9800 
   1    H7       13.5000       17.1400       15.5200 
   6    C6       11.7900       15.2200       14.9900 
   1    H8       11.3400       16.1700       15.2700 
   1    H9       11.6200       15.0000       13.9400 
   1   H10       11.1500       14.4800       15.4700 
   6    C7       13.7100       13.6900       15.2300 
   8    O1       12.9800       12.7000       15.2700 
   6    C8       15.1300       13.5700       14.6900 
   8    O2       16.0800       13.7300       15.4500 
   7    N1       15.3300       13.4700       13.3700 
   6    C9       14.2900       13.5600       12.3600 
   1   H11       13.3500       13.9700       12.7200 
   1   H12       14.5600       14.2400       11.5500 
   6   C10       14.1500       12.2100       11.6600 
   1   H13       13.7600       11.5200       12.4200 
   1   H14       13.4300       12.2500       10.8500 
   6   C11       15.5000       11.7400       11.1300 
   1   H15       15.3500       10.7300       10.7400 
   1   H16       15.7700       12.3100       10.2500 
   6   C12       16.6600       11.8800       12.1300 
   1   H17       16.4600       11.1200       12.8900 
   1   H18       17.5900       11.5000       11.7100 
   6   C13       16.6300       13.2600       12.7800 
   1   H19       17.4900       13.2800       13.4600 
   6   C14       17.0400       14.4500       11.9400 
   8    O3       17.8500       14.3700       11.0200 
   8    O4       16.4900       15.5500       12.4400 
   6   C15       16.9800       16.8100       12.0400 
   1   H20       18.0000       16.7200       11.6500 
   6   C16       16.2100       17.6000       10.9900 
   1   H21       16.4700       18.6500       11.1400 
   6   C17       17.1900       17.7100       13.2600 
   1   H22       16.2200       18.1100       13.5400 
   1   H23       17.7400       18.5400       12.8100 
   6   C18       16.6700       17.0700        9.6300 
   1   H24       16.5600       15.9900        9.6800 
   1   H25       17.7100       17.3700        9.6300 
   6   C19       17.9500       17.1100       14.4400 
   1   H26       18.8600       16.6800       14.0100 
   1   H27       17.4200       16.3400       14.9900 
   6   C20       15.8900       17.7400        8.4900 
   1   H28       16.2900       17.1900        7.6300 
   1   H29       16.1300       18.7900        8.3200 
   6   C21       18.3000       18.0800       15.5400 
   6   C22       14.4100       17.4800        8.7500 
   1   H30       14.2800       16.4000        8.8600 
   1   H31       13.7700       17.7200        7.9000 
   6   C23       19.6500       18.3000       15.8300 
   1   H32       20.4500       17.7100       15.4100 
   6   C24       13.9800       18.2100       10.0200 
   1   H33       12.9000       18.1200       10.1500 
   1   H34       14.1900       19.2800        9.9500 
   6   C25       20.0400       19.2000       16.8300 
   1   H35       21.0600       19.4400       17.0800 
   6   C26       14.6900       17.5600       11.2000 
   1   H36       14.4100       18.0700       12.1300 
   1   H37       14.2800       16.6000       11.5000 
   6   C27       19.0300       19.8700       17.5300 
   1   H38       19.3800       20.5200       18.3300 
   6   C28       17.6800       19.5700       17.3000 
   1   H39       16.8700       20.1700       17.6900 
   6   C29       17.2900       18.6400       16.3300 
   1   H40       16.2500       18.4200       16.1500 
   1   H41       15.7370       13.8730       18.4420 
   1   H42       14.0410       13.3070       18.2680 
   1   H43       15.0050       13.7200       16.8090 

